00000330
00000674
00000729
00000433
00000655
00000665
00000784
00000698
00000732
00000286
00000738
00000724
00000463
00000533
00000303
00000093
00000248
00000256
00000217
00000414
00000797
00000227
00000054
00000755
00000374
00000101
00000331
00000851
00000131
00000430
00000728
00000219
00000197
00000341
00000818
00000208
00000308
00000147
00000046
00000702
00000160
00000233
00000660
00000718
00000825
00000657
00000072
00000754
00000189
00000373
00000450
00000011
00000512
00000685
00000710
00000095
00000525
00000792
00000560
00000431
00000151
00000241
00000656
00000030
00000659
00000034
00000654
00000193
00000137
00000311
00000705
00000678
00000069
00000206
00000292
00000429
00000417
00000025
00000090
00000679
00000801
00000085
00000209
00000663
00000704
00000249
00000194
00000759
00000063
00000498
00000280
00000316
00000672
00000239
00000005
00000716
00000104
00000633
00000048
00000559
00000820
00000489
00000772
00000021
00000118
00000788
00000198
00000007
00000044
00000651
00000043
00000650
00000476
00000454
00000662
00000696
00000475
00000008
00000714
00000745
00000207
00000420
00000348
00000612
00000529
00000713
00000170
00000490
00000783
00000213
00000764
00000688
00000210
00000360
00000387
00000691
00000670
00000369
00000022
00000767
00000014
00000050
00000163
00000408
00000575
00000712
00000100
00000019